-1.5708 0.084805
-1.46247 0.106908
-1.35413 0.103468
-1.2458 0.0566673
-1.13747 -0.0443629
-1.02914 -0.194595
-0.920812 -0.367006
-0.812481 -0.513757
-0.70415 -0.577184
-0.595819 -0.509048
-0.487489 -0.291847
-0.379158 0.0468894
-0.270827 0.435282
-0.162496 0.775347
-0.0541654 0.973759
0.0541654 0.973759
0.162496 0.775347
0.270827 0.435282
0.379158 0.0468894
0.487489 -0.291847
0.595819 -0.509048
0.70415 -0.577184
0.812481 -0.513757
0.920812 -0.367006
1.02914 -0.194595
1.13747 -0.0443629
1.2458 0.0566673
1.35413 0.103468
1.46247 0.106908
1.5708 0.084805


-1.5708 0.00816507
-1.52171 0.0638042
-1.47262 0.101377
-1.42353 0.121185
-1.37445 0.123862
-1.32536 0.110372
-1.27627 0.0820027
-1.22718 0.0403434
-1.1781 -0.0127321
-1.12901 -0.075088
-1.07992 -0.144337
-1.03084 -0.21784
-0.981748 -0.292685
-0.93266 -0.365664
-0.883573 -0.433247
-0.834486 -0.49158
-0.785398 -0.536539
-0.736311 -0.563857
-0.687223 -0.569345
-0.638136 -0.549225
-0.589049 -0.500538
-0.539961 -0.421615
-0.490874 -0.312537
-0.441786 -0.175507
-0.392699 -0.0150717
-0.343612 0.161888
-0.294524 0.346436
-0.245437 0.528138
-0.19635 0.695846
-0.147262 0.83866
-0.0981748 0.946923
-0.0490874 1.01316
1.16573e-15 1.03281
0.0490874 1.00469
0.0981748 0.931086
0.147262 0.817484
0.19635 0.672033
0.245437 0.504707
0.294524 0.326364
0.343612 0.147788
0.392699 -0.0211932
0.441786 -0.172398
0.490874 -0.299755
0.539961 -0.399516
0.589049 -0.470217
0.638136 -0.51245
0.687223 -0.528481
0.736311 -0.521781
0.785398 -0.496548
0.834486 -0.457248
0.883573 -0.408231
0.93266 -0.353443
0.981748 -0.296228
1.03084 -0.23924
1.07992 -0.184422
1.12901 -0.133059
1.1781 -0.0858672
1.22718 -0.0431063
1.27627 -0.00469822
1.32536 0.0296629
1.37445 0.0604149
1.42353 0.0880517
1.47262 0.113067
1.52171 0.13592
