   -3 -0.99998 
-2.95 -0.99997 
 -2.9 -0.99996 
-2.85 -0.99995 
 -2.8 -0.99993 
-2.75 -0.9999 
 -2.7 -0.99987 
-2.65 -0.99982 
 -2.6 -0.99976 
-2.55 -0.99969 
 -2.5 -0.99959 
-2.45 -0.99947 
 -2.4 -0.99931 
-2.35 -0.99911 
 -2.3 -0.99886 
-2.25 -0.99854 
 -2.2 -0.99814 
-2.15 -0.99764 
 -2.1 -0.99702 
-2.05 -0.99626 
   -2 -0.99532 
-1.95 -0.99418 
 -1.9 -0.99279 
-1.85 -0.99111 
 -1.8 -0.98909 
-1.75 -0.98667 
 -1.7 -0.98379 
-1.65 -0.98038 
 -1.6 -0.97635 
-1.55 -0.97162 
 -1.5 -0.96611 
-1.45 -0.9597 
 -1.4 -0.95229 
-1.35 -0.94376 
 -1.3 -0.93401 
-1.25 -0.9229 
 -1.2 -0.91032 
-1.15 -0.89613 
 -1.1 -0.88021 
-1.05 -0.86244 
   -1 -0.8427 
-0.95 -0.82089 
 -0.9 -0.79691 
-0.85 -0.77067 
 -0.8 -0.7421 
-0.75 -0.71116 
 -0.7 -0.6778 
-0.65 -0.64203 
 -0.6 -0.60386 
-0.55 -0.56332 
 -0.5 -0.5205 
-0.45 -0.47548 
 -0.4 -0.42839 
-0.35 -0.37938 
 -0.3 -0.32863 
-0.25 -0.27633 
 -0.2 -0.2227 
-0.15 -0.168 
 -0.1 -0.11246 
-0.05 -0.056372 
-2.2898e-15 -2.5838e-15 
 0.05 0.056372 
  0.1 0.11246 
 0.15 0.168 
  0.2 0.2227 
 0.25 0.27633 
  0.3 0.32863 
 0.35 0.37938 
  0.4 0.42839 
 0.45 0.47548 
  0.5 0.5205 
 0.55 0.56332 
  0.6 0.60386 
 0.65 0.64203 
  0.7 0.6778 
 0.75 0.71116 
  0.8 0.7421 
 0.85 0.77067 
  0.9 0.79691 
 0.95 0.82089 
    1 0.8427 
 1.05 0.86244 
  1.1 0.88021 
 1.15 0.89613 
  1.2 0.91032 
 1.25 0.9229 
  1.3 0.93401 
 1.35 0.94376 
  1.4 0.95229 
 1.45 0.9597 
  1.5 0.96611 
 1.55 0.97162 
  1.6 0.97635 
 1.65 0.98038 
  1.7 0.98379 
 1.75 0.98667 
  1.8 0.98909 
 1.85 0.99111 
  1.9 0.99279 
 1.95 0.99418 
    2 0.99532 
 2.05 0.99626 
  2.1 0.99702 
 2.15 0.99764 
  2.2 0.99814 
 2.25 0.99854 
  2.3 0.99886 
 2.35 0.99911 
  2.4 0.99931 
 2.45 0.99947 
  2.5 0.99959 
 2.55 0.99969 
  2.6 0.99976 
 2.65 0.99982 
  2.7 0.99987 
 2.75 0.9999 
  2.8 0.99993 
 2.85 0.99995 
  2.9 0.99996 
 2.95 0.99997 
    3 0.99998 
