      0       0       1       0       1
    0.1       0   1.105       0   1.105
 0.2081       0   1.231       0   1.231
 0.3181       0   1.374       0   1.374
 0.4274       0   1.533       0   1.533
 0.5353       0   1.708       0   1.708
 0.6416       0   1.899       0     1.9
 0.7463       0   2.109       0   2.109
 0.8494       0   2.338       0   2.338
 0.9512       0   2.589       0   2.589
  1.052       0   2.862       0   2.863
  1.151       0   3.162       0   3.162
  1.249       0   3.488       0   3.488
  1.347       0   3.845       0   3.845
  1.443       0   4.235       0   4.235
  1.539       0    4.66       0    4.66
  1.634       0   5.125       0   5.125
  1.729       0   5.632       0   5.632
  1.822       0   6.186       0   6.186
  1.916       0    6.79       0   6.791
  2.008       0   7.451       0   7.451
  2.101       0   8.171       0   8.172
  2.193       0   8.958       0   8.958
  2.284       0   9.816       0   9.817
  2.375       0   10.75       0   10.75
  2.466       0   11.78       0   11.78
  2.557       0   12.89       0   12.89
  2.647       0   14.11       0   14.11
  2.737       0   15.44       0   15.44
  2.827       0   16.89       0    16.9
  2.917       0   18.48       0   18.48
      3       0   20.08       0   20.09


      0       0       1       0       1
      0 0.042032 0.95884       0 0.95884
      0 0.082748 0.92058       0 0.92058
      0 0.12319 0.88409       0 0.88409
      0 0.16375 0.84895       0 0.84895
      0 0.20457   0.815       0   0.815
      0 0.24572 0.78214       0 0.78214
      0 0.28723 0.75034       0 0.75034
      0 0.32913 0.71955       0 0.71955
      0 0.37142 0.68976       0 0.68976
      0 0.41412 0.66092       0 0.66092
      0 0.45726 0.63302       0 0.63302
      0 0.50084 0.60602       0 0.60602
      0 0.54489  0.5799       0 0.57991
      0 0.58942 0.55465       0 0.55465
      0 0.63445 0.53022       0 0.53022
      0 0.68001 0.50661       0 0.50661
      0  0.7261 0.48379       0 0.48379
      0 0.77276 0.46174       0 0.46174
      0 0.82001 0.44043       0 0.44043
      0 0.86786 0.41985       0 0.41985
      0 0.91635 0.39998       0 0.39998
      0  0.9655 0.38079       0 0.38079
      0  1.0153 0.36228       0 0.36228
      0  1.0659 0.34442       0 0.34442
      0  1.1172 0.32719       0 0.32719
      0  1.1693 0.31058       0 0.31058
      0  1.2222 0.29458       0 0.29458
      0   1.276 0.27916       0 0.27916
      0  1.3306 0.26431       0 0.26431
      0  1.3862 0.25002       0 0.25002
      0  1.4428 0.23627       0 0.23627
      0  1.5004 0.22305       0 0.22305
      0   1.559 0.21034       0 0.21034
      0  1.6188 0.19813       0 0.19814
      0  1.6798 0.18642       0 0.18642
      0   1.742 0.17517       0 0.17518
      0  1.8055 0.16439       0  0.1644
      0  1.8704 0.15407       0 0.15407
      0  1.9367 0.14418       0 0.14418
      0  2.0045 0.13472       0 0.13472
      0   2.074 0.12568       0 0.12568
      0  2.1451 0.11705       0 0.11705
      0  2.2181 0.10881       0 0.10882
      0   2.293 0.10097       0 0.10097
      0  2.3698 0.093495       0 0.093496
      0  2.4489 0.08639       0 0.086392
      0  2.5302 0.079643       0 0.079645
      0  2.6139 0.073244       0 0.073246
      0  2.7003 0.067185       0 0.067187
      0  2.7894 0.061456       0 0.061457
      0  2.8815 0.056047       0 0.056049
      0  2.9768 0.050952       0 0.050954
      0  3.0756 0.04616       0 0.046162
      0  3.1781 0.041664       0 0.041666
      0  3.2846 0.037455       0 0.037457
      0  3.3954 0.033524       0 0.033526
      0  3.5111 0.029863       0 0.029865
      0  3.6319 0.026465       0 0.026467
      0  3.7584 0.02332       0 0.023322
      0  3.8911 0.02042       0 0.020423
      0  4.0308 0.017758       0 0.01776
      0  4.1782 0.015324       0 0.015327
      0  4.3341 0.013111       0 0.013113
      0  4.4998 0.011109       0 0.011112
      0  4.6763 0.0093109       0 0.0093132
      0  4.8653 0.0077068       0 0.0077092
      0  5.0687 0.006288       0 0.0062905
      0  5.2888 0.0050454       0 0.005048
      0  5.5284 0.0039695       0 0.0039722
      0  5.7915 0.0030506       0 0.0030534
      0   6.083 0.0022784       0 0.0022814
      0  6.2832 0.0018649       0 0.0018674


      0       0       1       0       1       0
0.041553       0 0.99914 0.041541 0.99914 0.041541
0.081862       0 0.99665 0.08177 0.99665 0.08177
0.12171       0  0.9926 0.12141  0.9926 0.12141
 0.1614       0   0.987  0.1607   0.987  0.1607
0.20102       0 0.97986 0.19967 0.97986 0.19967
0.24061       0 0.97119  0.2383 0.97119  0.2383
 0.2802       0   0.961 0.27655   0.961 0.27655
0.31978       0  0.9493 0.31436  0.9493 0.31436
0.35937       0 0.93612 0.35168 0.93612 0.35168
0.39895       0 0.92147 0.38845 0.92147 0.38845
0.43853       0 0.90538 0.42461 0.90538 0.42461
0.47811       0 0.88786  0.4601 0.88787  0.4601
0.51769       0 0.86896 0.49488 0.86896 0.49488
0.55727       0  0.8487 0.52887  0.8487 0.52888
0.59686       0 0.82711 0.56204 0.82711 0.56204
0.63644       0 0.80422 0.59433 0.80422 0.59433
0.67602       0 0.78007 0.62569 0.78007 0.62569
 0.7156       0  0.7547 0.65607  0.7547 0.65607
0.75518       0 0.72814 0.68542 0.72815 0.68542
0.79476       0 0.70045  0.7137 0.70045  0.7137
0.83435       0 0.67166 0.74086 0.67166 0.74086
0.87393       0 0.64182 0.76685 0.64182 0.76686
0.91351       0 0.61097 0.79165 0.61097 0.79165
0.95309       0 0.57916 0.81521 0.57917 0.81521
0.99267       0 0.54645 0.83749 0.54645 0.83749
 1.0323       0 0.51288 0.85846 0.51288 0.85846
 1.0718       0 0.47851 0.87808 0.47851 0.87808
 1.1114       0 0.44339 0.89633 0.44339 0.89633
  1.151       0 0.40757 0.91317 0.40757 0.91317
 1.1906       0 0.37112 0.92858 0.37112 0.92859
 1.2302       0 0.33408 0.94254 0.33408 0.94254
 1.2697       0 0.29652 0.95502 0.29652 0.95503
 1.3093       0  0.2585 0.96601  0.2585 0.96601
 1.3489       0 0.22007 0.97548 0.22007 0.97548
 1.3885       0  0.1813 0.98342  0.1813 0.98343
 1.4281       0 0.14224 0.98983 0.14224 0.98983
 1.4677       0 0.10296 0.99468 0.10296 0.99469
 1.5072       0 0.063518 0.99798 0.063518 0.99798
 1.5468       0 0.023977 0.99971 0.023977 0.99971
 1.5864       0 -0.015602 0.99987 -0.015602 0.99988
  1.626       0 -0.055156 0.99847 -0.055156 0.99848
 1.6656       0 -0.094624 0.99551 -0.094624 0.99551
 1.7051       0 -0.13394 0.99098 -0.13394 0.99099
 1.7447       0 -0.17305 0.98491 -0.17305 0.98491
 1.7843       0 -0.21189 0.97729 -0.21189 0.97729
 1.8239       0 -0.2504 0.96814 -0.2504 0.96814
 1.8635       0 -0.28851 0.95747 -0.28851 0.95748
 1.9031       0 -0.32618  0.9453 -0.32618 0.94531
 1.9426       0 -0.36333 0.93166 -0.36333 0.93166
 1.9822       0 -0.39991 0.91655 -0.39991 0.91655
 2.0218       0 -0.43586 0.90001 -0.43587 0.90001
 2.0614       0 -0.47114 0.88205 -0.47114 0.88206
  2.101       0 -0.50567 0.86272 -0.50568 0.86272
 2.1405       0 -0.53942 0.84203 -0.53942 0.84204
 2.1801       0 -0.57231 0.82003 -0.57232 0.82003
 2.2197       0 -0.60432 0.79674 -0.60432 0.79674
 2.2593       0 -0.63537  0.7722 -0.63537 0.77221
 2.2989       0 -0.66543 0.74645 -0.66543 0.74646
 2.3385       0 -0.69445 0.71954 -0.69445 0.71954
  2.378       0 -0.72238 0.69149 -0.72238  0.6915
 2.4176       0 -0.74917 0.66237 -0.74918 0.66237
 2.4572       0 -0.7748  0.6322 -0.7748  0.6322
 2.4968       0 -0.79921 0.60105 -0.79921 0.60105
 2.5364       0 -0.82236 0.56895 -0.82237 0.56895
 2.5759       0 -0.84423 0.53596 -0.84424 0.53597
 2.6155       0 -0.86478 0.50213 -0.86479 0.50214
 2.6551       0 -0.88397 0.46752 -0.88398 0.46752
 2.6947       0 -0.90178 0.43217 -0.90179 0.43218
 2.7343       0 -0.91818 0.39615 -0.91818 0.39615
 2.7739       0 -0.93313 0.35951 -0.93314 0.35951
 2.8134       0 -0.94663  0.3223 -0.94664  0.3223
  2.853       0 -0.95864 0.28459 -0.95865 0.28459
 2.8926       0 -0.96915 0.24643 -0.96916 0.24643
 2.9322       0 -0.97815 0.20789 -0.97815 0.20789
 2.9718       0 -0.98561 0.16902 -0.98561 0.16902
 3.0113       0 -0.99152 0.12988 -0.99153 0.12988
 3.0509       0 -0.99588 0.090545 -0.99589 0.090545
 3.0905       0 -0.99869 0.051065 -0.9987 0.051066
 3.1301       0 -0.99993 0.011506 -0.99993 0.011506
 3.1697       0 -0.9996 -0.028072 -0.99961 -0.028072
 3.2092       0 -0.9977 -0.067605 -0.99771 -0.067606
 3.2488       0 -0.99425 -0.10703 -0.99426 -0.10703
 3.2884       0 -0.98923 -0.14629 -0.98924 -0.14629
  3.328       0 -0.98267 -0.18532 -0.98268 -0.18533
 3.3676       0 -0.97457 -0.22406 -0.97457 -0.22407
 3.4072       0 -0.96494 -0.26245 -0.96494 -0.26246
 3.4467       0 -0.95379 -0.30043 -0.9538 -0.30043
 3.4863       0 -0.94116 -0.33794 -0.94117 -0.33794
 3.5259       0 -0.92705 -0.37492 -0.92706 -0.37492
 3.5655       0 -0.91149 -0.41131 -0.91149 -0.41131
 3.6051       0 -0.8945 -0.44706 -0.8945 -0.44706
 3.6446       0 -0.8761 -0.4821 -0.87611 -0.48211
 3.6842       0 -0.85634 -0.51639 -0.85635 -0.5164
 3.7238       0 -0.83524 -0.54987 -0.83524 -0.54988
 3.7634       0 -0.81282 -0.5825 -0.81283 -0.5825
  3.803       0 -0.78914 -0.6142 -0.78914 -0.61421
 3.8426       0 -0.76421 -0.64495 -0.76422 -0.64496
 3.8821       0 -0.73809 -0.67469 -0.7381 -0.67469
 3.9217       0 -0.71082 -0.70336 -0.71082 -0.70337
 3.9613       0 -0.68243 -0.73094 -0.68243 -0.73095
 4.0009       0 -0.65297 -0.75737 -0.65297 -0.75738
 4.0405       0 -0.62248 -0.78262 -0.62249 -0.78263
   4.08       0 -0.59103 -0.80664 -0.59103 -0.80665
 4.1196       0 -0.55864 -0.82939 -0.55865 -0.8294
 4.1592       0 -0.52539 -0.85085 -0.52539 -0.85086
 4.1988       0 -0.49131 -0.87097 -0.49131 -0.87098
 4.2384       0 -0.45646 -0.88973 -0.45646 -0.88974
  4.278       0 -0.42089 -0.9071 -0.42089 -0.90711
 4.3175       0 -0.38466 -0.92304 -0.38467 -0.92305
 4.3571       0 -0.34784 -0.93754 -0.34784 -0.93755
 4.3967       0 -0.31046 -0.95057 -0.31047 -0.95058
 4.4363       0 -0.27261 -0.96211 -0.27261 -0.96212
 4.4759       0 -0.23432 -0.97215 -0.23432 -0.97216
 4.5154       0 -0.19567 -0.98066 -0.19567 -0.98067
  4.555       0 -0.15671 -0.98763 -0.15671 -0.98764
 4.5946       0 -0.1175 -0.99306 -0.11751 -0.99307
 4.6342       0 -0.078114 -0.99693 -0.078116 -0.99694
 4.6738       0 -0.038603 -0.99924 -0.038604 -0.99925
 4.7134       0 0.00096852 -0.99999 0.00096814      -1
 4.7529       0 0.040539 -0.99917 0.040539 -0.99918
 4.7925       0 0.080045 -0.99678 0.080046 -0.99679
 4.8321       0 0.11943 -0.99283 0.11943 -0.99284
 4.8717       0 0.15862 -0.98733 0.15862 -0.98734
 4.9113       0 0.19757 -0.98028 0.19757 -0.98029
 4.9508       0  0.2362 -0.97169 0.23621 -0.9717
 4.9904       0 0.27447 -0.96158 0.27447 -0.9616
   5.03       0 0.31231 -0.94997 0.31231 -0.94998
 5.0696       0 0.34965 -0.93687 0.34966 -0.93688
 5.1092       0 0.38645 -0.9223 0.38646 -0.92231
 5.1488       0 0.42265 -0.90628 0.42265 -0.90629
 5.1883       0 0.45818 -0.88885 0.45818 -0.88886
 5.2279       0 0.49299 -0.87002   0.493 -0.87003
 5.2675       0 0.52703 -0.84983 0.52704 -0.84984
 5.3071       0 0.56025 -0.82831 0.56026 -0.82832
 5.3467       0 0.59259 -0.80549  0.5926 -0.8055
 5.3862       0   0.624 -0.78141 0.62401 -0.78142
 5.4258       0 0.65443 -0.7561 0.65444 -0.75611
 5.4654       0 0.68384 -0.72961 0.68385 -0.72963
  5.505       0 0.71217 -0.70198 0.71218 -0.70199
 5.5446       0 0.73939 -0.67325  0.7394 -0.67326
 5.5842       0 0.76546 -0.64346 0.76547 -0.64347
 5.6237       0 0.79032 -0.61267 0.79033 -0.61268
 5.6633       0 0.81395 -0.58092 0.81396 -0.58093
 5.7029       0  0.8363 -0.54825 0.83631 -0.54826
 5.7425       0 0.85734 -0.51473 0.85735 -0.51474
 5.7821       0 0.87703 -0.4804 0.87705 -0.48041
 5.8216       0 0.89536 -0.44532 0.89537 -0.44533
 5.8612       0 0.91228 -0.40954 0.91229 -0.40955
 5.9008       0 0.92777 -0.37312 0.92778 -0.37312
 5.9404       0 0.94181 -0.33611 0.94182 -0.33612
   5.98       0 0.95437 -0.29858 0.95438 -0.29859
 6.0196       0 0.96544 -0.26058 0.96545 -0.26059
 6.0591       0 0.97499 -0.22217 0.97501 -0.22218
 6.0987       0 0.98302 -0.18342 0.98303 -0.18342
 6.1383       0 0.98951 -0.14437 0.98952 -0.14438
 6.1779       0 0.99445 -0.10511 0.99446 -0.10511
 6.2175       0 0.99783 -0.065671 0.99784 -0.065673
  6.257       0 0.99964 -0.026134 0.99966 -0.026135
 6.2832       0 0.99998 5.1338e-07       1 -2.4493e-16
