# iter, x, y, f(x,y), size
    1        4.8       5.15    3.2e+04      0.113
    2        4.7       5.38    2.8e+04      0.173
    3       4.25       5.59   1.56e+04      0.299
    4       3.83       6.14   7.21e+03      0.482
    5       2.71       6.85         29      0.828
    6       2.71       6.85         29      0.828
    7       2.71       6.85         29      0.482
    8       2.71       6.85         29      0.346
    9       2.71       6.85         29      0.178
   10       2.73       6.93       27.7       0.15
   11       2.62       7.01       4.18     0.0811
   12       2.62       7.01       4.18     0.0811
   13       2.62       7.01       4.18     0.0513
   14       2.66       7.03       2.79     0.0406
   15       2.66       7.03       2.79     0.0406
   16       2.66       7.03       2.79     0.0375
   17       2.64       6.99        2.7     0.0366
   18       2.64       6.99        2.7     0.0228
   19       2.64       6.99        2.7     0.0223
   20       2.64       6.93        2.7      0.038
   21       2.61       6.84       2.61     0.0634
   22       2.61       6.84       2.61     0.0634
   23       2.56       6.56       2.44       0.12
   24       2.56       6.56       2.44       0.12
   25       2.47       6.11       2.19      0.236
   26       2.41       5.76       2.09      0.336
   27       2.31        5.3       1.92      0.336
   28       2.31        5.3       1.92      0.236
   29       2.27       5.16       1.65      0.289
   30       2.27       5.16       1.65      0.153
   31       2.27       5.16       1.65      0.153
   32       2.18       4.77       1.42      0.261
   33       2.14       4.54       1.38      0.261
   34       1.93       3.65       1.34      0.497
   35       2.11       4.43       1.23       0.41
   36        1.9       3.53       1.15       0.41
   37        1.9       3.53       1.15       0.41
   38       1.86       3.42       1.01       0.41
   39       1.98        3.9      0.964      0.209
   40       1.94       3.78      0.893      0.209
   41       1.94       3.78      0.893      0.112
   42       1.83       3.33       0.76      0.196
   43       1.84       3.41      0.751      0.206
   44       1.73       2.95      0.629      0.206
   45       1.69       2.88       0.58      0.242
   46       1.69       2.88       0.58      0.242
   47       1.44       2.06      0.216      0.351
   48       1.44       2.06      0.216      0.351
   49       1.44       2.06      0.216      0.227
   50       1.44       2.06      0.216      0.184
   51       1.35       1.81      0.125       0.26
   52       1.35       1.81      0.125      0.161
   53       1.35       1.81      0.125      0.161
   54       1.35       1.81      0.125     0.0905
   55       1.35       1.81      0.125     0.0583
   56       1.35       1.81      0.125     0.0583
   57       1.27        1.6     0.0759      0.114
   58       1.27        1.6     0.0759      0.114
   59       1.27        1.6     0.0759     0.0583
   60       1.27        1.6     0.0759     0.0469
   61       1.24       1.54       0.06     0.0661
   62       1.16       1.33     0.0459      0.123
   63       1.13       1.27     0.0246      0.123
   64       1.13       1.27     0.0246     0.0661
   65       1.13       1.27     0.0246     0.0661
   66       1.06       1.11     0.0188      0.114
   67       1.13       1.28     0.0167     0.0857
   68       1.02       1.03    0.00446      0.113
   69       1.02       1.03    0.00446      0.111
   70       1.02       1.03    0.00446      0.068
   71       1.02       1.05    0.00181     0.0723
   72       1.02       1.05    0.00181      0.037
   73       1.03       1.05    0.00124     0.0296
   74      0.998      0.996   3.85e-06     0.0296
   75      0.998      0.996   3.85e-06     0.0274
   76      0.998      0.996   3.85e-06     0.0213
   77      0.998      0.996   3.85e-06     0.0107
   78      0.998      0.996   3.85e-06    0.00932
   79      0.998      0.996   3.85e-06    0.00766
   80      0.998      0.996   3.85e-06    0.00766
   81      0.998      0.996   3.85e-06    0.00657
   82      0.998      0.996   3.85e-06    0.00342
   83          1          1   1.22e-06    0.00338
   84          1          1   3.57e-07     0.0024
   85          1          1   3.57e-07    0.00121
   86          1      0.999   2.39e-07    0.00116
   87          1      0.999   1.07e-07   0.000869
   88          1          1    6.1e-08   0.000435
   89          1          1    6.1e-08   0.000435
   90          1          1   1.41e-08   0.000218
   91          1          1   7.49e-09   0.000198
   92          1          1   7.49e-09   0.000157
converged to minimum at
   93          1          1   1.69e-09   7.89e-05
