-10 50 0 0 0 0
-9.8 48.05 -0.03 9.805 9.80133 -0.00366667
-9.6 46.1 -0.02 19.22 19.2107 -0.00933333
-9.4 44.2 -0.02 28.2475 28.236 -0.0115
-9.2 42.35 -0.03 36.9025 36.8853 -0.0171667
-9 40.5 0 45.1875 45.1667 -0.0208333
-8.8 38.75 -0.03 53.1125 53.088 -0.0245
-8.6 37 -0.02 60.6875 60.6573 -0.0301667
-8.4 35.3 -0.02 67.915 67.8827 -0.0323333
-8.2 33.65 -0.03 74.81 74.772 -0.038
-8 32 0 81.375 81.3333 -0.0416667
-7.8 30.45 -0.03 87.62 87.5747 -0.0453333
-7.6 28.9 -0.02 93.555 93.504 -0.051
-7.4 27.4 -0.02 99.1825 99.1293 -0.0531667
-7.2 25.95 -0.03 104.517 104.459 -0.0588333
-7 24.5 -3.55271e-15 109.562 109.5 -0.0625
-6.8 23.15 -0.03 114.327 114.261 -0.0661667
-6.6 21.8 -0.02 118.822 118.751 -0.0718333
-6.4 20.5 -0.02 123.05 122.976 -0.074
-6.2 19.25 -0.03 127.025 126.945 -0.0796667
-6 18 0 130.75 130.667 -0.0833333
-5.8 16.85 -0.03 134.235 134.148 -0.087
-5.6 15.7 -0.02 137.49 137.397 -0.0926667
-5.4 14.6 -0.02 140.517 140.423 -0.0948333
-5.2 13.55 -0.03 143.332 143.232 -0.1005
-5 12.5 0 145.937 145.833 -0.104167
-4.8 11.55 -0.03 148.342 148.235 -0.107833
-4.6 10.6 -0.02 150.557 150.444 -0.1135
-4.4 9.7 -0.02 152.585 152.469 -0.115667
-4.2 8.85 -0.03 154.44 154.319 -0.121333
-4 8 0 156.125 156 -0.125
-3.8 7.25 -0.03 157.65 157.521 -0.128667
-3.6 6.5 -0.02 159.025 158.891 -0.134333
-3.4 5.8 -0.02 160.252 160.116 -0.1365
-3.2 5.15 -0.03 161.347 161.205 -0.142167
-3 4.5 -8.88178e-16 162.312 162.167 -0.145833
-2.8 3.95 -0.03 163.157 163.008 -0.1495
-2.6 3.4 -0.02 163.892 163.737 -0.155167
-2.4 2.9 -0.02 164.52 164.363 -0.157333
-2.2 2.45 -0.03 165.055 164.892 -0.163
-2 2 -4.44089e-16 165.5 165.333 -0.166667
-1.8 1.65 -0.03 165.865 165.695 -0.170333
-1.6 1.3 -0.02 166.16 165.984 -0.176
-1.4 1 -0.02 166.387 166.209 -0.178167
-1.2 0.75 -0.03 166.562 166.379 -0.183833
-1 0.5 -4.44089e-16 166.688 166.5 -0.1875
-0.8 0.35 -0.03 166.773 166.581 -0.191167
-0.6 0.2 -0.02 166.827 166.631 -0.196833
-0.4 0.1 -0.02 166.855 166.656 -0.199
-0.2 0.05 -0.03 166.87 166.665 -0.204667
-2.05391e-15 5.13478e-16 -5.13478e-16 166.875 166.667 -0.208333
0.2 0.05 -0.03 166.88 166.668 -0.212
0.4 0.1 -0.02 166.895 166.677 -0.217667
0.6 0.2 -0.02 166.923 166.703 -0.219833
0.8 0.35 -0.03 166.977 166.752 -0.2255
1 0.5 -4.996e-16 167.062 166.833 -0.229167
1.2 0.75 -0.03 167.188 166.955 -0.232833
1.4 1 -0.02 167.363 167.124 -0.2385
1.6 1.3 -0.02 167.59 167.349 -0.240667
1.8 1.65 -0.03 167.885 167.639 -0.246333
2 2 -4.44089e-16 168.25 168 -0.25
2.2 2.45 -0.03 168.695 168.441 -0.253667
2.4 2.9 -0.02 169.23 168.971 -0.259333
2.6 3.4 -0.02 169.857 169.596 -0.2615
2.8 3.95 -0.03 170.593 170.325 -0.267167
3 4.5 0 171.438 171.167 -0.270833
3.2 5.15 -0.03 172.403 172.128 -0.2745
3.4 5.8 -0.02 173.498 173.217 -0.280167
3.6 6.5 -0.02 174.725 174.443 -0.282333
3.8 7.25 -0.03 176.1 175.812 -0.288
4 8 0 177.625 177.333 -0.291667
4.2 8.85 -0.03 179.31 179.015 -0.295333
4.4 9.7 -0.02 181.165 180.864 -0.301
4.6 10.6 -0.02 183.192 182.889 -0.303167
4.8 11.55 -0.03 185.407 185.099 -0.308833
5 12.5 0 187.812 187.5 -0.3125
5.2 13.55 -0.03 190.417 190.101 -0.316167
5.4 14.6 -0.02 193.233 192.911 -0.321833
5.6 15.7 -0.02 196.26 195.936 -0.324
5.8 16.85 -0.03 199.515 199.185 -0.329667
6 18 0 203 202.667 -0.333333
6.2 19.25 -0.03 206.725 206.388 -0.337
6.4 20.5 -0.02 210.7 210.357 -0.342667
6.6 21.8 -0.02 214.928 214.583 -0.344833
6.8 23.15 -0.03 219.423 219.072 -0.3505
7 24.5 0 224.188 223.833 -0.354167
7.2 25.95 -0.03 229.233 228.875 -0.357833
7.4 27.4 -0.02 234.568 234.204 -0.3635
7.6 28.9 -0.02 240.195 239.829 -0.365667
7.8 30.45 -0.03 246.13 245.759 -0.371333
8 32 0 252.375 252 -0.375
8.2 33.65 -0.03 258.94 258.561 -0.378667
8.4 35.3 -0.02 265.835 265.451 -0.384333
8.6 37 -0.02 273.062 272.676 -0.3865
8.8 38.75 -0.03 280.637 280.245 -0.392167
9 40.5 0 288.562 288.167 -0.395833
9.2 42.35 -0.03 296.847 296.448 -0.3995
9.4 44.2 -0.02 305.502 305.097 -0.405167
9.6 46.1 -0.02 314.53 314.123 -0.407333
9.8 48.05 -0.03 323.945 323.532 -0.413
10 50 0 333.75 333.333 -0.416667
