1 1 0 0 0 0
1.25 1 0 0 0.25 0.25
1.5 1 0 0 0.5 0.5
1.75 1 0 0 0.75 0.75
2 1 0 0 1 1
2.25 1 0 0 1.25 1.25
2.5 1 0 0 1.5 1.5
2.75 1 0 0 1.75 1.75
3 1 0 0 2 2
3.25 1 0 0 2.25 2.25
3.5 1 0 0 2.5 2.5
3.75 1 0 0 2.75 2.75
4 1 0 0 3 3
4.25 1 0 0 3.25 3.25
4.5 1 0 0 3.5 3.5
4.75 1 0 0 3.75 3.75
5 1 0 0 4 4

 
1 1 1 1 0 0
1.25 1.25 1 1 0.28125 0.28125
1.5 1.5 1 1 0.625 0.625
1.75 1.75 1 1 1.03125 1.03125
2 2 1 1 1.5 1.5
2.25 2.25 1 1 2.03125 2.03125
2.5 2.5 1 1 2.625 2.625
2.75 2.75 1 1 3.28125 3.28125
3 3 1 1 4 4
3.25 3.25 1 1 4.78125 4.78125
3.5 3.5 1 1 5.625 5.625
3.75 3.75 1 1 6.53125 6.53125
4 4 1 1 7.5 7.5
4.25 4.25 1 1 8.53125 8.53125
4.5 4.5 1 1 9.625 9.625
4.75 4.75 1 1 10.7812 10.7812
5 5 1 1 12 12

 
1 1 2 2 0 0
1.25 1.5625 2.5 2.5 0.317708 0.317708
1.5 2.25 3 3 0.791667 0.791667
1.75 3.0625 3.5 3.5 1.45312 1.45312
2 4 4 4 2.33333 2.33333
2.25 5.0625 4.5 4.5 3.46354 3.46354
2.5 6.25 5 5 4.875 4.875
2.75 7.5625 5.5 5.5 6.59896 6.59896
3 9 6 6 8.66667 8.66667
3.25 10.5625 6.5 6.5 11.1094 11.1094
3.5 12.25 7 7 13.9583 13.9583
3.75 14.0625 7.5 7.5 17.2448 17.2448
4 16 8 8 21 21
4.25 18.0625 8.5 8.5 25.2552 25.2552
4.5 20.25 9 9 30.0417 30.0417
4.75 22.5625 9.5 9.5 35.3906 35.3906
5 25 10 10 41.3333 41.3333

 
