0 1 
0.05 1 
0.1 1 
0.15 1 
0.2 1 
0.25 1 
0.3 1 
0.35 1 
0.4 1 
0.45 1 
0.5 1 
0.55 1 
0.6 1 
0.65 1 
0.7 1 
0.75 1 
0.8 1 
0.85 1 
0.9 1 
0.95 1 
1 1 
1.05 1 
1.1 1 
1.15 1 
1.2 1 
1.25 1 
1.3 1 
1.35 1 
1.4 1 
1.45 1 
1.5 1 
1.55 1 
1.6 1 
1.65 1 
1.7 1 
1.75 1 
1.8 1 
1.85 1 
1.9 1 
1.95 1 
2 1 
2.05 1 
2.1 1 
2.15 1 
2.2 1 
2.25 1 
2.3 1 
2.35 1 
2.4 1 
2.45 1 
2.5 1 
2.55 1 
2.6 1 
2.65 1 
2.7 1 
2.75 1 
2.8 1 
2.85 1 
2.9 1 
2.95 1 
3 1 
3.05 1 
3.1 1 
3.15 1 
3.2 1 
3.25 1 
3.3 1 
3.35 1 
3.4 1 
3.45 1 
3.5 1 
3.55 1 
3.6 1 
3.65 1 
3.7 1 
3.75 1 
3.8 1 
3.85 1 
3.9 1 
3.95 1 
4 1 
4.05 1 
4.1 1 
4.15 1 
4.2 1 
4.25 1 
4.3 1 
4.35 1 
4.4 1 
4.45 1 
4.5 1 
4.55 1 
4.6 1 
4.65 1 
4.7 1 
4.75 1 
4.8 1 
4.85 1 
4.9 1 
4.95 1 
5 1 
5.05 1 
5.1 1 
5.15 1 
5.2 1 
5.25 1 
5.3 1 
5.35 1 
5.4 1 
5.45 1 
5.5 1 
5.55 1 
5.6 1 
5.65 1 
5.7 1 
5.75 1 
5.8 1 
5.85 1 
5.9 1 
5.95 1 
6 1 
6.05 1 
6.1 1 
6.15 1 
6.2 1 
6.25 1 
6.3 1 

 
0 1 
0.05 0.97501 
0.1 0.950083 
0.15 0.925281 
0.2 0.900665 
0.25 0.876298 
0.3 0.85224 
0.35 0.828551 
0.4 0.805291 
0.45 0.782517 
0.5 0.760287 
0.55 0.738656 
0.6 0.717679 
0.65 0.697407 
0.7 0.677891 
0.75 0.65918 
0.8 0.641322 
0.85 0.62436 
0.9 0.608336 
0.95 0.593292 
1 0.579264 
1.05 0.566288 
1.1 0.554396 
1.15 0.543618 
1.2 0.53398 
1.25 0.525507 
1.3 0.51822 
1.35 0.512138 
1.4 0.507274 
1.45 0.503643 
1.5 0.501252 
1.55 0.500107 
1.6 0.500212 
1.65 0.501567 
1.7 0.504167 
1.75 0.508006 
1.8 0.513075 
1.85 0.519361 
1.9 0.526849 
1.95 0.535519 
2 0.54535 
2.05 0.556318 
2.1 0.568394 
2.15 0.581549 
2.2 0.595751 
2.25 0.610962 
2.3 0.627146 
2.35 0.644262 
2.4 0.662267 
2.45 0.681116 
2.5 0.700763 
2.55 0.721157 
2.6 0.742248 
2.65 0.763984 
2.7 0.786309 
2.75 0.809169 
2.8 0.832505 
2.85 0.85626 
2.9 0.880375 
2.95 0.904788 
3 0.929439 
3.05 0.954267 
3.1 0.979209 
3.15 1.0042 
3.2 1.02919 
3.25 1.0541 
3.3 1.07887 
3.35 1.10345 
3.4 1.12777 
3.45 1.15177 
3.5 1.17539 
3.55 1.19857 
3.6 1.22126 
3.65 1.24339 
3.7 1.26492 
3.75 1.28578 
3.8 1.30593 
3.85 1.32531 
3.9 1.34388 
3.95 1.3616 
4 1.3784 
4.05 1.39426 
4.1 1.40914 
4.15 1.42299 
4.2 1.43579 
4.25 1.4475 
4.3 1.45809 
4.35 1.46753 
4.4 1.4758 
4.45 1.48289 
4.5 1.48877 
4.55 1.49342 
4.6 1.49685 
4.65 1.49903 
4.7 1.49996 
4.75 1.49965 
4.8 1.49809 
4.85 1.49528 
4.9 1.49123 
4.95 1.48595 
5 1.47947 
5.05 1.47178 
5.1 1.46291 
5.15 1.45289 
5.2 1.44173 
5.25 1.42947 
5.3 1.41614 
5.35 1.40176 
5.4 1.38639 
5.45 1.37004 
5.5 1.35277 
5.55 1.33462 
5.6 1.31564 
5.65 1.29586 
5.7 1.27535 
5.75 1.25414 
5.8 1.2323 
5.85 1.20988 
5.9 1.18694 
5.95 1.16353 
6 1.13971 
6.05 1.11554 
6.1 1.09108 
6.15 1.0664 
6.2 1.04155 
6.25 1.01659 
6.3 0.991594 

 
0 1 
0.05 0.975041 
0.1 0.950204 
0.15 0.925548 
0.2 0.901131 
0.25 0.877013 
0.3 0.85325 
0.35 0.829899 
0.4 0.807016 
0.45 0.784656 
0.5 0.762873 
0.55 0.74172 
0.6 0.721246 
0.65 0.701501 
0.7 0.682533 
0.75 0.664388 
0.8 0.647109 
0.85 0.630739 
0.9 0.615316 
0.95 0.600879 
1 0.587461 
1.05 0.575097 
1.1 0.563815 
1.15 0.553643 
1.2 0.544606 
1.25 0.536726 
1.3 0.530021 
1.35 0.524509 
1.4 0.520203 
1.45 0.517113 
1.5 0.515246 
1.55 0.514608 
1.6 0.5152 
1.65 0.51702 
1.7 0.520063 
1.75 0.524324 
1.8 0.52979 
1.85 0.536449 
1.9 0.544285 
1.95 0.553278 
2 0.563408 
2.05 0.574648 
2.1 0.586972 
2.15 0.60035 
2.2 0.614749 
2.25 0.630135 
2.3 0.64647 
2.35 0.663715 
2.4 0.681828 
2.45 0.700766 
2.5 0.720482 
2.55 0.740929 
2.6 0.762058 
2.65 0.783818 
2.7 0.806156 
2.75 0.82902 
2.8 0.852354 
2.85 0.876103 
2.9 0.900209 
2.95 0.924616 
3 0.949264 
3.05 0.974095 
3.1 0.999051 
3.15 1.02407 
3.2 1.0491 
3.25 1.07407 
3.3 1.09893 
3.35 1.12361 
3.4 1.14807 
3.45 1.17224 
3.5 1.19606 
3.55 1.21949 
3.6 1.24245 
3.65 1.26491 
3.7 1.28681 
3.75 1.30809 
3.8 1.32871 
3.85 1.34862 
3.9 1.36777 
3.95 1.38612 
4 1.40362 
4.05 1.42024 
4.1 1.43593 
4.15 1.45067 
4.2 1.4644 
4.25 1.47711 
4.3 1.48877 
4.35 1.49934 
4.4 1.5088 
4.45 1.51714 
4.5 1.52432 
4.55 1.53034 
4.6 1.53518 
4.65 1.53883 
4.7 1.54129 
4.75 1.54253 
4.8 1.54257 
4.85 1.54141 
4.9 1.53903 
4.95 1.53546 
5 1.5307 
5.05 1.52475 
5.1 1.51765 
5.15 1.50939 
5.2 1.5 
5.25 1.4895 
5.3 1.47791 
5.35 1.46527 
5.4 1.4516 
5.45 1.43693 
5.5 1.4213 
5.55 1.40474 
5.6 1.38729 
5.65 1.369 
5.7 1.3499 
5.75 1.33004 
5.8 1.30947 
5.85 1.28823 
5.9 1.26637 
5.95 1.24394 
6 1.22101 
6.05 1.19761 
6.1 1.17381 
6.15 1.14966 
6.2 1.12522 
6.25 1.10055 
6.3 1.0757 
6.35 1.05074 
6.4 1.02571 
6.45 1.00069 
6.5 0.975728 
6.55 0.950887 
6.6 0.926224 
6.65 0.9018 
6.7 0.877672 
6.75 0.853898 
6.8 0.830535 
6.85 0.807638 
6.9 0.785263 
6.95 0.763464 
7 0.742292 
7.05 0.721798 
7.1 0.702033 
7.15 0.683043 
7.2 0.664874 
7.25 0.647571 
7.3 0.631174 
7.35 0.615725 
7.4 0.601259 
7.45 0.587813 
7.5 0.575419 
7.55 0.564107 
7.6 0.553904 
7.65 0.544835 
7.7 0.536923 
7.75 0.530186 
7.8 0.52464 
7.85 0.520301 
7.9 0.517177 
7.95 0.515276 
8 0.514604 
8.05 0.515162 
8.1 0.516948 
8.15 0.519958 
8.2 0.524185 
8.25 0.529618 
8.3 0.536245 
8.35 0.544049 
8.4 0.55301 
8.45 0.563109 
8.5 0.574319 
8.55 0.586613 
8.6 0.599963 
8.65 0.614334 
8.7 0.629694 
8.75 0.646003 
8.8 0.663224 
8.85 0.681314 
8.9 0.700229 
8.95 0.719925 
9 0.740352 
9.05 0.761463 
9.1 0.783207 
9.15 0.805531 
9.2 0.828381 
9.25 0.851703 
9.3 0.875441 
9.35 0.899539 
9.4 0.923938 
9.45 0.94858 
9.5 0.973408 
9.55 0.998361 
9.6 1.02338 
9.65 1.04841 
9.7 1.07338 
9.75 1.09824 
9.8 1.12294 
9.85 1.1474 
9.9 1.17158 
9.95 1.19541 
10 1.21885 
10.05 1.24183 
10.1 1.2643 
10.15 1.28622 
10.2 1.30752 
10.25 1.32816 
10.3 1.34808 
10.35 1.36726 
10.4 1.38563 
10.45 1.40316 
10.5 1.4198 
10.55 1.43552 
10.6 1.45028 
10.65 1.46404 
10.7 1.47678 
10.75 1.48847 
10.8 1.49907 
10.85 1.50856 
10.9 1.51693 
10.95 1.52415 
11 1.5302 
11.05 1.53507 
11.1 1.53876 
11.15 1.54124 
11.2 1.54252 
11.25 1.54259 
11.3 1.54146 
11.35 1.53912 
11.4 1.53558 
11.45 1.53085 
11.5 1.52494 
11.55 1.51786 
11.6 1.50963 
11.65 1.50027 
11.7 1.4898 
11.75 1.47825 
11.8 1.46564 
11.85 1.45199 
11.9 1.43735 
11.95 1.42175 
12 1.40521 
12.05 1.38779 
12.1 1.36952 
12.15 1.35044 
12.2 1.3306 
12.25 1.31005 
12.3 1.28882 
12.35 1.26698 
12.4 1.24457 
12.45 1.22165 
12.5 1.19827 
12.55 1.17448 
12.6 1.15034 
12.65 1.1259 
12.7 1.10124 
12.75 1.07639 
12.8 1.05143 
12.85 1.0264 
12.9 1.00138 
12.95 0.976415 
13 0.951569 
13.05 0.926901 
13.1 0.902469 
13.15 0.878332 
13.2 0.854547 
13.25 0.831172 
13.3 0.808262 
13.35 0.785871 
13.4 0.764055 
13.45 0.742865 
13.5 0.722351 
13.55 0.702565 
13.6 0.683553 
13.65 0.665361 
13.7 0.648033 
13.75 0.631611 
13.8 0.616134 
13.85 0.601641 
13.9 0.588167 
13.95 0.575743 
14 0.5644 
14.05 0.554166 
14.1 0.545066 
14.15 0.537121 
14.2 0.530351 
14.25 0.524773 
14.3 0.5204 
14.35 0.517242 
14.4 0.515308 
14.45 0.514602 
14.5 0.515126 
14.55 0.516878 
14.6 0.519854 
14.65 0.524048 
14.7 0.529448 
14.75 0.536042 
14.8 0.543814 
14.85 0.552744 
14.9 0.562811 
14.95 0.573991 
15 0.586256 
15.05 0.599577 
15.1 0.613921 
15.15 0.629254 
15.2 0.645538 
15.25 0.662734 
15.3 0.680801 
15.35 0.699694 
15.4 0.719369 
15.45 0.739777 
15.5 0.76087 
15.55 0.782597 
15.6 0.804906 
15.65 0.827742 
15.7 0.851052 
15.75 0.87478 
15.8 0.898869 
15.85 0.92326 
15.9 0.947897 
15.95 0.97272 
16 0.997671 
16.05 1.02269 
16.1 1.04772 
16.15 1.07269 
16.2 1.09756 
16.25 1.12226 
16.3 1.14673 
16.35 1.17092 
16.4 1.19476 
16.45 1.21821 
16.5 1.2412 
16.55 1.26369 
16.6 1.28562 
16.65 1.30694 
16.7 1.3276 
16.75 1.34755 
16.8 1.36674 
16.85 1.38514 
16.9 1.40269 
16.95 1.41935 
17 1.4351 
17.05 1.44989 
17.1 1.46368 
17.15 1.47645 
17.2 1.48816 
17.25 1.49879 
17.3 1.50832 
17.35 1.51672 
17.4 1.52397 
17.45 1.53005 
17.5 1.53496 
17.55 1.53867 
17.6 1.54119 
17.65 1.54251 
17.7 1.54261 
17.75 1.54151 
17.8 1.5392 
17.85 1.5357 
17.9 1.531 
17.95 1.52512 
18 1.51808 
18.05 1.50988 
18.1 1.50055 
18.15 1.49011 
18.2 1.47859 
18.25 1.466 
18.3 1.45239 
18.35 1.43777 
18.4 1.42219 
18.45 1.40568 
18.5 1.38829 
18.55 1.37004 
18.6 1.35098 
18.65 1.33116 
18.7 1.31062 
18.75 1.28942 
18.8 1.26759 
18.85 1.2452 
18.9 1.22229 
18.95 1.19892 
19 1.17514 
19.05 1.15101 
19.1 1.12658 
19.15 1.10192 
19.2 1.07708 
19.25 1.05212 
19.3 1.02709 
19.35 1.00207 
19.4 0.977102 
19.45 0.952252 
19.5 0.927578 
19.55 0.903139 
19.6 0.878992 
19.65 0.855197 
19.7 0.831809 
19.75 0.808885 
19.8 0.78648 
19.85 0.764646 
19.9 0.743438 
19.95 0.722905 
20 0.703098 
20.05 0.684064 
20.1 0.665848 
20.15 0.648496 
20.2 0.632048 
20.25 0.616545 
20.3 0.602024 
20.35 0.588521 
20.4 0.576067 
20.45 0.564694 
20.5 0.554429 
20.55 0.545297 
20.6 0.537321 
20.65 0.530518 
20.7 0.524907 
20.75 0.5205 
20.8 0.517309 
20.85 0.515341 
20.9 0.514601 
20.95 0.51509 
21 0.516809 
21.05 0.519751 
21.1 0.523912 
21.15 0.529279 
21.2 0.53584 
21.25 0.543579 
21.3 0.552478 
21.35 0.562514 
21.4 0.573664 
21.45 0.5859 
21.5 0.599192 
21.55 0.613508 
21.6 0.628814 
21.65 0.645073 
21.7 0.662245 
21.75 0.680288 
21.8 0.699159 
21.85 0.718813 
21.9 0.739202 
21.95 0.760277 
22 0.781988 
22.05 0.804281 
22.1 0.827104 
22.15 0.850402 
22.2 0.874119 
22.25 0.898199 
22.3 0.922583 
22.35 0.947214 
22.4 0.972033 
22.45 0.996981 
22.5 1.022 
22.55 1.04703 
22.6 1.07201 
22.65 1.09688 
22.7 1.12158 
22.75 1.14606 
22.8 1.17025 
22.85 1.19411 
22.9 1.21757 
22.95 1.24058 
23 1.26308 
23.05 1.28503 
23.1 1.30636 
23.15 1.32704 
23.2 1.34701 
23.25 1.36623 
23.3 1.38464 
23.35 1.40222 
23.4 1.41891 
23.45 1.43468 
23.5 1.4495 
23.55 1.46332 
23.6 1.47611 
23.65 1.48786 
23.7 1.49852 
23.75 1.50808 
23.8 1.5165 
23.85 1.52379 
23.9 1.5299 
23.95 1.53484 
24 1.53859 
24.05 1.54114 
24.1 1.54249 
24.15 1.54263 
24.2 1.54156 
24.25 1.53929 
24.3 1.53582 
24.35 1.53115 
24.4 1.5253 
24.45 1.51829 
24.5 1.51013 
24.55 1.50083 
24.6 1.49042 
24.65 1.47892 
24.7 1.46637 
24.75 1.45278 
24.8 1.43819 
24.85 1.42264 
24.9 1.40616 
24.95 1.38878 
25 1.37055 
25.05 1.35152 
25.1 1.33172 
25.15 1.3112 
25.2 1.29001 
25.25 1.26821 
25.3 1.24583 
25.35 1.22293 
25.4 1.19957 
25.45 1.1758 
25.5 1.15168 
25.55 1.12726 
25.6 1.1026 
25.65 1.07777 
25.7 1.05281 
25.75 1.02778 
25.8 1.00276 
25.85 0.977789 
25.9 0.952935 
25.95 0.928255 
26 0.903808 
26.05 0.879653 
26.1 0.855847 
26.15 0.832447 
26.2 0.809509 
26.25 0.787088 
26.3 0.765238 
26.35 0.744012 
26.4 0.723459 
26.45 0.703631 
26.5 0.684575 
26.55 0.666336 
26.6 0.648959 
26.65 0.632486 
26.7 0.616956 
26.75 0.602407 
26.8 0.588875 
26.85 0.576392 
26.9 0.564989 
26.95 0.554693 
27 0.545529 
27.05 0.53752 
27.1 0.530685 
27.15 0.525041 
27.2 0.5206 
27.25 0.517376 
27.3 0.515374 
27.35 0.5146 
27.4 0.515056 
27.45 0.51674 
27.5 0.519649 
27.55 0.523776 
27.6 0.52911 
27.65 0.535638 
27.7 0.543346 
27.75 0.552213 
27.8 0.562218 
27.85 0.573337 
27.9 0.585544 
27.95 0.598807 
28 0.613096 
28.05 0.628375 
28.1 0.644608 
28.15 0.661756 
28.2 0.679776 
28.25 0.698625 
28.3 0.718258 
28.35 0.738627 
28.4 0.759684 
28.45 0.781378 
28.5 0.803656 
28.55 0.826466 
28.6 0.849752 
28.65 0.873458 
28.7 0.897529 
28.75 0.921906 
28.8 0.946531 
28.85 0.971346 
28.9 0.996291 
28.95 1.02131 
29 1.04634 
29.05 1.07132 
29.1 1.09619 
29.15 1.1209 
29.2 1.14539 
29.25 1.16959 
29.3 1.19346 
29.35 1.21693 
29.4 1.23995 
29.45 1.26247 
29.5 1.28443 
29.55 1.30579 
29.6 1.32648 
29.65 1.34647 
29.7 1.36571 
29.75 1.38415 
29.8 1.40175 
29.85 1.41847 
29.9 1.43426 
29.95 1.4491 
30 1.46295 
30.05 1.47578 
30.1 1.48755 
30.15 1.49824 
30.2 1.50783 
30.25 1.51629 
30.3 1.52361 
30.35 1.52976 
30.4 1.53473 
30.45 1.53851 
30.5 1.54109 
30.55 1.54247 
30.6 1.54265 
30.65 1.54161 
30.7 1.53937 
30.75 1.53593 
30.8 1.5313 
30.85 1.52549 
30.9 1.5185 
30.95 1.51037 
31 1.5011 
31.05 1.49073 
31.1 1.47926 
31.15 1.46673 
31.2 1.45317 
31.25 1.43861 
31.3 1.42308 
31.35 1.40663 
31.4 1.38928 
31.45 1.37107 
31.5 1.35206 
31.55 1.33228 
31.6 1.31178 
31.65 1.29061 
31.7 1.26882 
31.75 1.24645 
31.8 1.22357 
31.85 1.20022 
31.9 1.17646 
31.95 1.15235 
32 1.12794 
32.05 1.10329 
32.1 1.07845 
32.15 1.0535 
32.2 1.02847 
32.25 1.00345 
32.3 0.978476 
32.35 0.953618 
32.4 0.928932 
32.45 0.904478 
32.5 0.880314 
32.55 0.856497 
32.6 0.833085 
32.65 0.810133 
32.7 0.787697 
32.75 0.765831 
32.8 0.744586 
32.85 0.724014 
32.9 0.704165 
32.95 0.685087 
33 0.666825 
33.05 0.649423 
33.1 0.632924 
33.15 0.617368 
33.2 0.602792 
33.25 0.589231 
33.3 0.576719 
33.35 0.565285 
33.4 0.554958 
33.45 0.545763 
33.5 0.537721 
33.55 0.530854 
33.6 0.525176 
33.65 0.520702 
33.7 0.517444 
33.75 0.515408 
33.8 0.5146 
33.85 0.515022 
33.9 0.516673 
33.95 0.519548 
34 0.523641 
34.05 0.528942 
34.1 0.535438 
34.15 0.543113 
34.2 0.551949 
34.25 0.561923 
34.3 0.573012 
34.35 0.585189 
34.4 0.598424 
34.45 0.612685 
34.5 0.627938 
34.55 0.644145 
34.6 0.661268 
34.65 0.679264 
34.7 0.698091 
34.75 0.717704 
34.8 0.738054 
34.85 0.759093 
34.9 0.78077 
34.95 0.803033 
35 0.825828 
35.05 0.849102 
35.1 0.872798 
35.15 0.896859 
35.2 0.921229 
35.25 0.945848 
35.3 0.970659 
35.35 0.995602 
35.4 1.02062 
35.45 1.04565 
35.5 1.07063 
35.55 1.09551 
35.6 1.12022 
35.65 1.14472 
35.7 1.16893 
35.75 1.19281 
35.8 1.21629 
35.85 1.23933 
35.9 1.26186 
35.95 1.28384 
36 1.30521 
36.05 1.32592 
36.1 1.34593 
36.15 1.36519 
36.2 1.38365 
36.25 1.40128 
36.3 1.41802 
36.35 1.43384 
36.4 1.44871 
36.45 1.46259 
36.5 1.47544 
36.55 1.48725 
36.6 1.49797 
36.65 1.50759 
36.7 1.51608 
36.75 1.52342 
36.8 1.52961 
36.85 1.53461 
36.9 1.53843 
36.95 1.54104 
37 1.54246 
37.05 1.54266 
37.1 1.54166 
37.15 1.53945 
37.2 1.53605 
37.25 1.53145 
37.3 1.52567 
37.35 1.51872 
37.4 1.51061 
37.45 1.50138 
37.5 1.49103 
37.55 1.47959 
37.6 1.4671 
37.65 1.45356 
37.7 1.43903 
37.75 1.42353 
37.8 1.4071 
37.85 1.38977 
37.9 1.37159 
37.95 1.3526 
38 1.33284 
38.05 1.31236 
38.1 1.2912 
38.15 1.26943 
38.2 1.24708 
38.25 1.22421 
38.3 1.20087 
38.35 1.17712 
38.4 1.15302 
38.45 1.12862 
38.5 1.10397 
38.55 1.07914 
38.6 1.05419 
38.65 1.02917 
38.7 1.00414 
38.75 0.979164 
38.8 0.954301 
38.85 0.929609 
38.9 0.905148 
38.95 0.880975 
39 0.857147 
39.05 0.833723 
39.1 0.810758 
39.15 0.788307 
39.2 0.766424 
39.25 0.745161 
39.3 0.72457 
39.35 0.7047 
39.4 0.6856 
39.45 0.667314 
39.5 0.649888 
39.55 0.633364 
39.6 0.617781 
39.65 0.603177 
39.7 0.589587 
39.75 0.577046 
39.8 0.565582 
39.85 0.555224 
39.9 0.545997 
39.95 0.537924 
40 0.531023 
40.05 0.525312 
40.1 0.520805 
40.15 0.517513 
40.2 0.515444 
40.25 0.514602 
40.3 0.51499 
40.35 0.516606 
40.4 0.519448 
40.45 0.523508 
40.5 0.528776 
40.55 0.535239 
40.6 0.542882 
40.65 0.551685 
40.7 0.561629 
40.75 0.572688 
40.8 0.584835 
40.85 0.598041 
40.9 0.612274 
40.95 0.6275 
41 0.643682 
41.05 0.66078 
41.1 0.678753 
41.15 0.697558 
41.2 0.71715 
41.25 0.73748 
41.3 0.758501 
41.35 0.780161 
41.4 0.802409 
41.45 0.825191 
41.5 0.848452 
41.55 0.872138 
41.6 0.89619 
41.65 0.920552 
41.7 0.945165 
41.75 0.969972 
41.8 0.994912 
41.85 1.01993 
41.9 1.04496 
41.95 1.06994 
42 1.09483 
42.05 1.11955 
42.1 1.14405 
42.15 1.16827 
42.2 1.19215 
42.25 1.21565 
42.3 1.2387 
42.35 1.26125 
42.4 1.28324 
42.45 1.30463 
42.5 1.32536 
42.55 1.34539 
42.6 1.36467 
42.65 1.38316 
42.7 1.40081 
42.75 1.41757 
42.8 1.43342 
42.85 1.44832 
42.9 1.46222 
42.95 1.47511 
43 1.48694 
43.05 1.49769 
43.1 1.50734 
43.15 1.51586 
43.2 1.52324 
43.25 1.52946 
43.3 1.53449 
43.35 1.53834 
43.4 1.54099 
43.45 1.54244 
43.5 1.54268 
43.55 1.54171 
43.6 1.53954 
43.65 1.53616 
43.7 1.53159 
43.75 1.52585 
43.8 1.51893 
43.85 1.51086 
43.9 1.50165 
43.95 1.49133 
44 1.47993 
44.05 1.46746 
44.1 1.45395 
44.15 1.43945 
44.2 1.42397 
44.25 1.40756 
44.3 1.39026 
44.35 1.3721 
44.4 1.35313 
44.45 1.33339 
44.5 1.31293 
44.55 1.2918 
44.6 1.27004 
44.65 1.2477 
44.7 1.22485 
44.75 1.20152 
44.8 1.17779 
44.85 1.15369 
44.9 1.12929 
44.95 1.10465 
45 1.07983 
45.05 1.05488 
45.1 1.02986 
45.15 1.00483 
45.2 0.979851 
45.25 0.954984 
45.3 0.930287 
45.35 0.905818 
45.4 0.881636 
45.45 0.857798 
45.5 0.834362 
45.55 0.811383 
45.6 0.788917 
45.65 0.767017 
45.7 0.745736 
45.75 0.725126 
45.8 0.705236 
45.85 0.686113 
45.9 0.667804 
45.95 0.650354 
46 0.633804 
46.05 0.618194 
46.1 0.603563 
46.15 0.589945 
46.2 0.577374 
46.25 0.56588 
46.3 0.555491 
46.35 0.546232 
46.4 0.538127 
46.45 0.531193 
46.5 0.52545 
46.55 0.520909 
46.6 0.517583 
46.65 0.51548 
46.7 0.514604 
46.75 0.514958 
46.8 0.516541 
46.85 0.519349 
46.9 0.523376 
46.95 0.52861 
47 0.535041 
47.05 0.542651 
47.1 0.551423 
47.15 0.561336 
47.2 0.572364 
47.25 0.584482 
47.3 0.597659 
47.35 0.611865 
47.4 0.627064 
47.45 0.64322 
47.5 0.660293 
47.55 0.678243 
47.6 0.697026 
47.65 0.716597 
47.7 0.736908 
47.75 0.75791 
47.8 0.779554 
47.85 0.801786 
47.9 0.824554 
47.95 0.847803 
48 0.871478 
48.05 0.895521 
48.1 0.919875 
48.15 0.944483 
48.2 0.969285 
48.25 0.994223 
48.3 1.01924 
48.35 1.04427 
48.4 1.06926 
48.45 1.09414 
48.5 1.11887 
48.55 1.14337 
48.6 1.16761 
48.65 1.1915 
48.7 1.21501 
48.75 1.23807 
48.8 1.26063 
48.85 1.28264 
48.9 1.30405 
48.95 1.3248 
49 1.34485 
49.05 1.36415 
49.1 1.38266 
49.15 1.40033 
49.2 1.41713 
49.25 1.433 
49.3 1.44792 
49.35 1.46186 
49.4 1.47477 
49.45 1.48663 
49.5 1.49741 
49.55 1.50709 
49.6 1.51565 
49.65 1.52306 
49.7 1.5293 
49.75 1.53437 
49.8 1.53825 
49.85 1.54094 
49.9 1.54242 
49.95 1.54269 
50 1.54176 
50.05 1.53962 
50.1 1.53628 
50.15 1.53174 
50.2 1.52602 
50.25 1.51914 
50.3 1.5111 
50.35 1.50193 
50.4 1.49164 
50.45 1.48026 
50.5 1.46782 
50.55 1.45434 
50.6 1.43986 
50.65 1.42442 
50.7 1.40803 
50.75 1.39075 
50.8 1.37262 
50.85 1.35367 
50.9 1.33395 
50.95 1.31351 
51 1.29239 
51.05 1.27065 
51.1 1.24833 
51.15 1.22549 
51.2 1.20217 
51.25 1.17845 
51.3 1.15436 
51.35 1.12997 
51.4 1.10534 
51.45 1.08052 
51.5 1.05557 
51.55 1.03055 
51.6 1.00552 
51.65 0.980539 
51.7 0.955668 
51.75 0.930965 
51.8 0.906489 
51.85 0.882298 
51.9 0.858449 
51.95 0.835001 
52 0.812009 
52.05 0.789527 
52.1 0.767611 
52.15 0.746312 
52.2 0.725683 
52.25 0.705772 
52.3 0.686627 
52.35 0.668295 
52.4 0.65082 
52.45 0.634245 
52.5 0.618608 
52.55 0.603949 
52.6 0.590303 
52.65 0.577702 
52.7 0.566178 
52.75 0.555758 
52.8 0.546468 
52.85 0.53833 
52.9 0.531364 
52.95 0.525588 
53 0.521014 
53.05 0.517654 
53.1 0.515517 
53.15 0.514607 
53.2 0.514928 
53.25 0.516477 
53.3 0.519251 
53.35 0.523244 
53.4 0.528446 
53.45 0.534843 
53.5 0.542422 
53.55 0.551162 
53.6 0.561043 
53.65 0.572041 
53.7 0.584129 
53.75 0.597278 
53.8 0.611456 
53.85 0.626628 
53.9 0.642758 
53.95 0.659807 
54 0.677734 
54.05 0.696494 
54.1 0.716044 
54.15 0.736335 
54.2 0.75732 
54.25 0.778946 
54.3 0.801163 
54.35 0.823918 
54.4 0.847154 
54.45 0.870818 
54.5 0.894852 
54.55 0.919199 
54.6 0.9438 
54.65 0.968598 
54.7 0.993533 
54.75 1.01855 
54.8 1.04358 
54.85 1.06857 
54.9 1.09346 
54.95 1.11819 
55 1.1427 
55.05 1.16694 
55.1 1.19085 
55.15 1.21437 
55.2 1.23744 
55.25 1.26002 
55.3 1.28205 
55.35 1.30347 
55.4 1.32424 
55.45 1.34431 
55.5 1.36364 
55.55 1.38217 
55.6 1.39986 
55.65 1.41668 
55.7 1.43258 
55.75 1.44753 
55.8 1.46149 
55.85 1.47443 
55.9 1.48632 
55.95 1.49713 
56 1.50685 
56.05 1.51543 
56.1 1.52287 
56.15 1.52915 
56.2 1.53425 
56.25 1.53817 
56.3 1.54089 
56.35 1.5424 
56.4 1.5427 
56.45 1.5418 
56.5 1.5397 
56.55 1.53639 
56.6 1.53189 
56.65 1.5262 
56.7 1.51935 
56.75 1.51134 
56.8 1.5022 
56.85 1.49194 
56.9 1.48059 
56.95 1.46818 
57 1.45473 
57.05 1.44028 
57.1 1.42486 
57.15 1.4085 
57.2 1.39124 
57.25 1.37313 
57.3 1.35421 
57.35 1.33451 
57.4 1.31409 
57.45 1.29299 
57.5 1.27126 
57.55 1.24895 
57.6 1.22613 
57.65 1.20283 
57.7 1.17911 
57.75 1.15503 
57.8 1.13065 
57.85 1.10602 
57.9 1.0812 
57.95 1.05626 
58 1.03124 
58.05 1.00621 
58.1 0.981226 
58.15 0.956351 
58.2 0.931643 
58.25 0.907159 
58.3 0.88296 
58.35 0.859101 
58.4 0.83564 
58.45 0.812635 
58.5 0.790138 
58.55 0.768205 
58.6 0.746889 
58.65 0.72624 
58.7 0.706308 
58.75 0.687142 
58.8 0.668787 
58.85 0.651287 
58.9 0.634686 
58.95 0.619023 
59 0.604337 
59.05 0.590662 
59.1 0.578032 
59.15 0.566478 
59.2 0.556027 
59.25 0.546705 
59.3 0.538535 
59.35 0.531537 
59.4 0.525727 
59.45 0.52112 
59.5 0.517726 
59.55 0.515555 
59.6 0.514612 
59.65 0.514898 
59.7 0.516413 
59.75 0.519154 
59.8 0.523113 
59.85 0.528282 
59.9 0.534647 
59.95 0.542193 
60 0.550901 
60.05 0.560751 
60.1 0.571719 
60.15 0.583778 
60.2 0.596898 
60.25 0.611048 
60.3 0.626193 
60.35 0.642298 
60.4 0.659322 
60.45 0.677225 
60.5 0.695963 
60.55 0.715492 
60.6 0.735764 
60.65 0.75673 
60.7 0.778339 
60.75 0.800541 
60.8 0.823281 
60.85 0.846506 
60.9 0.870159 
60.95 0.894183 
61 0.918523 
61.05 0.943118 
61.1 0.967911 
61.15 0.992844 
61.2 1.01786 
61.25 1.04289 
61.3 1.06788 
61.35 1.09277 
61.4 1.11751 
61.45 1.14203 
61.5 1.16628 
61.55 1.1902 
61.6 1.21373 
61.65 1.23681 
61.7 1.25941 
61.75 1.28145 
61.8 1.30289 
61.85 1.32368 
61.9 1.34377 
61.95 1.36312 
62 1.38167 
62.05 1.39939 
62.1 1.41623 
62.15 1.43216 
62.2 1.44713 
62.25 1.46112 
62.3 1.47409 
62.35 1.48601 
62.4 1.49686 
62.45 1.5066 
62.5 1.51521 
62.55 1.52269 
62.6 1.529 
62.65 1.53413 
62.7 1.53808 
62.75 1.54083 
62.8 1.54238 
