-10 4.54019e-05 4.53999e-05 
-9.9 5.01769e-05 5.01747e-05 
-9.8 5.54541e-05 5.54516e-05 
-9.7 6.12862e-05 6.12835e-05 
-9.6 6.77317e-05 6.77287e-05 
-9.5 7.4855e-05 7.48518e-05 
-9.4 8.27273e-05 8.27241e-05 
-9.3 9.14275e-05 9.14242e-05 
-9.2 0.000101043 0.000101039 
-9.1 0.000111669 0.000111666 
-9 0.000123414 0.00012341 
-8.9 0.000136393 0.000136389 
-8.8 0.000150737 0.000150733 
-8.7 0.00016659 0.000166586 
-8.6 0.000184111 0.000184106 
-8.5 0.000203473 0.000203468 
-8.4 0.000224873 0.000224867 
-8.3 0.000248523 0.000248517 
-8.2 0.00027466 0.000274654 
-8.1 0.000303546 0.000303539 
-8 0.00033547 0.000335463 
-7.9 0.000370759 0.000370744 
-7.8 0.000409751 0.000409735 
-7.7 0.000452844 0.000452827 
-7.6 0.000500469 0.000500451 
-7.5 0.000553103 0.000553084 
-7.4 0.000611273 0.000611253 
-7.3 0.000675561 0.000675539 
-7.2 0.00074661 0.000746586 
-7.1 0.000825132 0.000825105 
-7 0.000911912 0.000911882 
-6.9 0.00100782 0.00100779 
-6.8 0.00111381 0.00111378 
-6.7 0.00123095 0.00123091 
-6.6 0.00136041 0.00136037 
-6.5 0.00150349 0.00150344 
-6.4 0.00166161 0.00166156 
-6.3 0.00183636 0.0018363 
-6.2 0.00202949 0.00202943 
-6.1 0.00224293 0.00224287 
-6 0.00247881 0.00247875 
-5.9 0.00273951 0.00273944 
-5.8 0.00302762 0.00302755 
-5.7 0.00334604 0.00334597 
-5.6 0.00369795 0.00369786 
-5.5 0.00408686 0.00408677 
-5.4 0.00451668 0.00451658 
-5.3 0.0049917 0.00499159 
-5.2 0.00551669 0.00551656 
-5.1 0.00609688 0.00609675 
-5 0.0067381 0.00673795 
-4.9 0.00744675 0.00744658 
-4.8 0.00822993 0.00822975 
-4.7 0.00909545 0.00909528 
-4.6 0.010052 0.0100518 
-4.5 0.0111092 0.011109 
-4.4 0.0122775 0.0122773 
-4.3 0.0135687 0.0135686 
-4.2 0.0149958 0.0149956 
-4.1 0.0165729 0.0165727 
-4 0.0183159 0.0183156 
-3.9 0.0202423 0.0202419 
-3.8 0.0223712 0.0223708 
-3.7 0.0247239 0.0247235 
-3.6 0.0273242 0.0273237 
-3.5 0.0301979 0.0301974 
-3.4 0.0333738 0.0333733 
-3.3 0.0368838 0.0368832 
-3.2 0.0407629 0.0407622 
-3.1 0.0450498 0.0450492 
-3 0.0497877 0.0497871 
-2.9 0.0550239 0.0550232 
-2.8 0.0608107 0.0608101 
-2.7 0.0672063 0.0672055 
-2.6 0.0742744 0.0742736 
-2.5 0.0820859 0.082085 
-2.4 0.090719 0.090718 
-2.3 0.10026 0.100259 
-2.2 0.110804 0.110803 
-2.1 0.122457 0.122456 
-2 0.135336 0.135335 
-1.9 0.14957 0.149569 
-1.8 0.1653 0.165299 
-1.7 0.182685 0.182684 
-1.6 0.201898 0.201897 
-1.5 0.223132 0.22313 
-1.4 0.246598 0.246597 
-1.3 0.272533 0.272532 
-1.2 0.301196 0.301194 
-1.1 0.332872 0.332871 
-1 0.367881 0.367879 
-0.9 0.406571 0.40657 
-0.8 0.44933 0.449329 
-0.7 0.496586 0.496585 
-0.6 0.548812 0.548812 
-0.5 0.606531 0.606531 
-0.4 0.67032 0.67032 
-0.3 0.740818 0.740818 
-0.2 0.818731 0.818731 
-0.1 0.904837 0.904837 
-1.87905e-14 1 1 
0.1 1.10517 1.10517 
0.2 1.2214 1.2214 
0.3 1.34986 1.34986 
0.4 1.49182 1.49182 
0.5 1.64872 1.64872 
0.6 1.82212 1.82212 
0.7 2.01375 2.01375 
0.8 2.22553 2.22554 
0.9 2.4596 2.4596 
1 2.71827 2.71828 
1.1 3.00416 3.00417 
1.2 3.3201 3.32012 
1.3 3.66928 3.6693 
1.4 4.05518 4.0552 
1.5 4.48166 4.48169 
1.6 4.95299 4.95303 
1.7 5.4739 5.47395 
1.8 6.0496 6.04965 
1.9 6.68584 6.68589 
2 7.38898 7.38906 
2.1 8.16612 8.16617 
2.2 9.02495 9.02501 
2.3 9.9741 9.97418 
2.4 11.0231 11.0232 
2.5 12.1824 12.1825 
2.6 13.4636 13.4637 
2.7 14.8796 14.8797 
2.8 16.4445 16.4446 
2.9 18.1739 18.1741 
3 20.0853 20.0855 
3.1 22.1976 22.198 
3.2 24.5321 24.5325 
3.3 27.1122 27.1126 
3.4 29.9636 29.9641 
3.5 33.1149 33.1155 
3.6 36.5976 36.5982 
3.7 40.4466 40.4473 
3.8 44.7004 44.7012 
3.9 49.4015 49.4024 
4 54.597 54.5982 
4.1 60.3396 60.3403 
4.2 66.6855 66.6863 
4.3 73.6988 73.6998 
4.4 81.4498 81.4509 
4.5 90.0158 90.0171 
4.6 99.4826 99.4843 
4.7 109.945 109.947 
4.8 121.508 121.51 
4.9 134.287 134.29 
5 148.41 148.413 
5.1 164.018 164.022 
5.2 181.268 181.272 
5.3 200.332 200.337 
5.4 221.402 221.406 
5.5 244.686 244.692 
5.6 270.42 270.426 
5.7 298.861 298.867 
5.8 330.292 330.3 
5.9 365.029 365.037 
6 403.419 403.429 
6.1 445.846 445.858 
6.2 492.735 492.749 
6.3 544.555 544.572 
6.4 601.825 601.845 
6.5 665.12 665.142 
6.6 735.071 735.095 
6.7 812.379 812.406 
6.8 897.818 897.847 
6.9 992.242 992.275 
7 1096.6 1096.63 
7.1 1211.93 1211.97 
7.2 1339.39 1339.43 
7.3 1480.25 1480.3 
7.4 1635.93 1635.98 
7.5 1807.98 1808.04 
7.6 1998.13 1998.2 
7.7 2208.27 2208.35 
7.8 2440.51 2440.6 
7.9 2697.17 2697.28 
8 2980.83 2980.96 
8.1 3294.39 3294.47 
8.2 3640.86 3640.95 
8.3 4023.78 4023.87 
8.4 4446.96 4447.07 
8.5 4914.65 4914.77 
8.6 5431.52 5431.66 
8.7 6002.75 6002.91 
8.8 6634.06 6634.24 
8.9 7331.76 7331.97 
9 8102.84 8103.08 
9.1 8955.01 8955.29 
9.2 9896.8 9897.13 
9.3 10937.6 10938 
9.4 12087.9 12088.4 
9.5 13359.2 13359.7 
9.6 14764.1 14764.8 
9.7 16316.9 16317.6 
9.8 18032.9 18033.7 
9.9 19929.5 19930.4 
10 22025.5 22026.5 
