0.001 0.000999 0.000999,
0.041 0.0393526 0.039353,
0.081 0.0746949 0.0746977,
0.121 0.107201 0.10721,
0.161 0.137037 0.137058,
0.201 0.164361 0.1644,
0.241 0.189322 0.189388,
0.281 0.21206 0.212163,
0.321 0.232712 0.232861,
0.361 0.251402 0.251609,
0.401 0.268253 0.26853,
0.441 0.283377 0.283736,
0.481 0.296883 0.297337,
0.521 0.308872 0.309436,
0.561 0.319441 0.320128,
0.601 0.328682 0.329506,
0.641 0.336681 0.337657,
0.681 0.343519 0.344661,
0.721 0.349274 0.350598,
0.761 0.354018 0.355538,
0.801 0.357821 0.359553,
0.841 0.360748 0.362706,
0.881 0.362859 0.365059,
0.921 0.364214 0.366669,
0.961 0.364865 0.367592,
1.001 0.364866 0.367879,
1.041 0.364265 0.367579,
1.081 0.363107 0.366736,
1.121 0.361435 0.365394,
1.161 0.35929 0.363594,
1.201 0.356711 0.361373,
1.241 0.353732 0.358767,
1.281 0.350389 0.35581,
1.321 0.346711 0.352533,
1.361 0.34273 0.348966,
1.401 0.338473 0.345137,
1.441 0.333966 0.341072,
1.481 0.329233 0.336794,
1.521 0.324299 0.332328,
1.561 0.319183 0.327695,
1.601 0.313907 0.322913,
1.641 0.308488 0.318003,
1.681 0.302945 0.312982,
1.721 0.297294 0.307865,
1.761 0.291549 0.302668,
1.801 0.285726 0.297406,
1.841 0.279837 0.292091,
1.881 0.273893 0.286735,
1.921 0.267908 0.28135,
1.961 0.26189 0.275947,
2.001 0.25585 0.270535,
2.041 0.249797 0.265123,
2.081 0.243738 0.25972,
2.121 0.237681 0.254333,
2.161 0.231633 0.248968,
2.201 0.2256 0.243634,
2.241 0.219588 0.238335,
2.281 0.213602 0.233077,
2.321 0.207646 0.227865,
2.361 0.201726 0.222703,
2.401 0.195844 0.217596,
2.441 0.190003 0.212547,
2.481 0.184208 0.207559,
2.521 0.178459 0.202636,
2.561 0.17276 0.19778,
2.601 0.167113 0.192992,
2.641 0.161518 0.188277,
2.681 0.155977 0.183634,
2.721 0.150491 0.179066,
2.761 0.145061 0.174574,
2.801 0.139688 0.170159,
2.841 0.13437 0.165821,
2.881 0.129109 0.161563,
2.921 0.123904 0.157383,
2.961 0.118755 0.153282,
3.001 0.113662 0.149262,
3.041 0.108623 0.145321,
3.081 0.103637 0.141459,
3.121 0.0987045 0.137677,
3.161 0.0938232 0.133974,
3.201 0.0889919 0.130349,
3.241 0.0842093 0.126803,
3.281 0.0794738 0.123335,
3.321 0.0747836 0.119944,
3.361 0.070137 0.116629,
3.401 0.0655321 0.113389,
3.441 0.0609669 0.110224,
3.481 0.0564392 0.107133,
3.521 0.0519469 0.104115,
3.561 0.0474877 0.101169,
3.601 0.0430593 0.0982944,
3.641 0.0386592 0.0954892,
3.681 0.034285 0.092753,
3.721 0.0299339 0.0900845,
3.761 0.0256034 0.0874826,
3.801 0.0212907 0.0849463,
3.841 0.016993 0.0824744,
3.881 0.0127073 0.0800657,
3.921 0.0084309 0.0777192,
3.961 0.00416059 0.0754335,

 
0.001 0.000999 0.000999,
0.061 0.0573902 0.0573902,
0.121 0.10721 0.10721,
0.181 0.151032 0.151033,
0.241 0.189385 0.189388,
0.301 0.222758 0.222763,
0.361 0.251601 0.251609,
0.421 0.276327 0.27634,
0.481 0.297318 0.297337,
0.541 0.314925 0.314952,
0.601 0.329471 0.329506,
0.661 0.341252 0.341297,
0.721 0.350541 0.350598,
0.781 0.357588 0.357657,
0.841 0.362622 0.362706,
0.901 0.365854 0.365953,
0.961 0.367475 0.367592,
1.021 0.367664 0.367799,
1.081 0.36658 0.366736,
1.141 0.364371 0.364549,
1.201 0.361172 0.361373,
1.261 0.357105 0.35733,
1.321 0.352282 0.352533,
1.381 0.346804 0.347083,
1.441 0.340765 0.341072,
1.501 0.334247 0.334584,
1.561 0.327326 0.327695,
1.621 0.320072 0.320473,
1.681 0.312547 0.312982,
1.741 0.304806 0.305276,
1.801 0.296899 0.297406,
1.861 0.288873 0.289417,
1.921 0.280767 0.28135,
1.981 0.272617 0.273242,
2.041 0.264457 0.265123,
2.101 0.256314 0.257024,
2.161 0.248213 0.248968,
2.221 0.240178 0.24098,
2.281 0.232228 0.233077,
2.341 0.224379 0.225278,
2.401 0.216646 0.217596,
2.461 0.209042 0.210045,
2.521 0.201578 0.202636,
2.581 0.194263 0.195377,
2.641 0.187104 0.188277,
2.701 0.180107 0.181341,
2.761 0.173278 0.174574,
2.821 0.16662 0.16798,
2.881 0.160135 0.161563,
2.941 0.153826 0.155323,
3.001 0.147693 0.149262,
3.061 0.141736 0.14338,
3.121 0.135956 0.137677,
3.181 0.13035 0.132152,
3.241 0.124918 0.126803,
3.301 0.119658 0.12163,
3.361 0.114567 0.116629,
3.421 0.109642 0.111797,
3.481 0.10488 0.107133,
3.541 0.100279 0.102634,
3.601 0.0958341 0.0982944,
3.661 0.0915421 0.0941126,
3.721 0.0873992 0.0900845,
3.781 0.0834013 0.0862063,
3.841 0.0795444 0.0824744,
3.901 0.0758244 0.0788848,
3.961 0.0722369 0.0754335,
4.021 0.0687777 0.0721167,
4.081 0.0654426 0.0689304,
4.141 0.0622273 0.0658706,
4.201 0.0591276 0.0629335,
4.261 0.0561392 0.060115,
4.321 0.0532577 0.0574114,
4.381 0.0504788 0.0548187,
4.441 0.0477985 0.0523334,
4.501 0.0452125 0.0499516,
4.561 0.0427167 0.0476698,
4.621 0.040307 0.0454843,
4.681 0.0379793 0.0433917,
4.741 0.0357299 0.0413885,
4.801 0.0335547 0.0394715,
4.861 0.0314498 0.0376374,
4.921 0.0294113 0.0358831,
4.981 0.0274356 0.0342055,
5.041 0.0255188 0.0326015,
5.101 0.0236573 0.0310684,
5.161 0.0218474 0.0296033,
5.221 0.0200855 0.0282034,
5.281 0.0183683 0.0268662,
5.341 0.016692 0.0255891,
5.401 0.0150532 0.0243697,
5.461 0.0134485 0.0232055,
5.521 0.0118745 0.0220942,
5.581 0.0103276 0.0210336,
5.641 0.00880446 0.0200217,
5.701 0.00730175 0.0190563,
5.761 0.00581603 0.0181354,
5.821 0.00434402 0.0172572,
5.881 0.00288226 0.0164197,
5.941 0.00142734 0.0156213,

 
0.001 0.000999 0.000999,
0.081 0.0746977 0.0746977,
0.161 0.137058 0.137058,
0.241 0.189388 0.189388,
0.321 0.232861 0.232861,
0.401 0.26853 0.26853,
0.481 0.297337 0.297337,
0.561 0.320128 0.320128,
0.641 0.337656 0.337657,
0.721 0.350597 0.350598,
0.801 0.359551 0.359553,
0.881 0.365056 0.365059,
0.961 0.367589 0.367592,
1.041 0.367575 0.367579,
1.121 0.365389 0.365394,
1.201 0.361367 0.361373,
1.281 0.355803 0.35581,
1.361 0.348958 0.348966,
1.441 0.341062 0.341072,
1.521 0.332318 0.332328,
1.601 0.322901 0.322913,
1.681 0.312968 0.312982,
1.761 0.302653 0.302668,
1.841 0.292074 0.292091,
1.921 0.281332 0.28135,
2.001 0.270515 0.270535,
2.081 0.259697 0.25972,
2.161 0.248944 0.248968,
2.241 0.238308 0.238335,
2.321 0.227836 0.227865,
2.401 0.217565 0.217596,
2.481 0.207525 0.207559,
2.561 0.197743 0.19778,
2.641 0.188238 0.188277,
2.721 0.179024 0.179066,
2.801 0.170114 0.170159,
2.881 0.161515 0.161563,
2.961 0.153231 0.153282,
3.041 0.145266 0.145321,
3.121 0.137618 0.137677,
3.201 0.130287 0.130349,
3.281 0.123269 0.123335,
3.361 0.116558 0.116629,
3.441 0.11015 0.110224,
3.521 0.104036 0.104115,
3.601 0.0982103 0.0982944,
3.681 0.0926638 0.092753,
3.761 0.087388 0.0874826,
3.841 0.0823741 0.0824744,
3.921 0.0776127 0.0777192,
4.001 0.0730947 0.0732076,
4.081 0.0688104 0.0689304,
4.161 0.0647509 0.0648781,
4.241 0.0609066 0.0610415,
4.321 0.0572683 0.0574114,
4.401 0.0538269 0.0539786,
4.481 0.0505733 0.0507343,
4.561 0.047499 0.0476698,
4.641 0.0445951 0.0447766,
4.721 0.041854 0.0420465,
4.801 0.0392672 0.0394715,
4.881 0.036827 0.037044,
4.961 0.034526 0.0347564,
5.041 0.0323569 0.0326015,
5.121 0.0303126 0.0305726,
5.201 0.0283865 0.028663,
5.281 0.0265724 0.0268662,
5.361 0.024864 0.0251764,
5.441 0.0232554 0.0235875,
5.521 0.0217408 0.0220942,
5.601 0.0203151 0.020691,
5.681 0.0189729 0.019373,
5.761 0.0177093 0.0181354,
5.841 0.0165198 0.0169736,
5.921 0.0153999 0.0158832,
6.001 0.0143453 0.0148601,
6.081 0.0133519 0.0139005,
6.161 0.0124158 0.0130006,
6.241 0.0115334 0.0121569,
6.321 0.0107011 0.0113661,
6.401 0.00991575 0.010625,
6.481 0.00917403 0.00993069,
6.561 0.00847291 0.00928034,
6.641 0.00780949 0.00867129,
6.721 0.007181 0.00810104,
6.801 0.00658479 0.00756721,
6.881 0.0060183 0.00706759,
6.961 0.00547919 0.00660006,
7.041 0.00496509 0.00616264,
7.121 0.00447374 0.00575347,
7.201 0.00400299 0.00537079,
7.281 0.00355074 0.00501294,
7.361 0.00311497 0.00467838,
7.441 0.00269371 0.00436562,
7.521 0.00228505 0.0040733,
7.601 0.00188717 0.00380013,
7.681 0.0014982 0.00354488,
7.761 0.00111631 0.00330642,
7.841 0.000739731 0.00308367,
7.921 0.000366673 0.00287563,

 
