This is Q*R: 
53.3 95.3 43.2 
16.7   69 77.1 
36.3 41.4 9.43 
86.2 17.8 63.9 
  99 90.1 84.3 
This is A: 
53.3 95.3 43.2 
16.7   69 77.1 
36.3 41.4 9.43 
86.2 17.8 63.9 
  99 90.1 84.3 
This is Q^T*Q: 
   1 6.94e-17 -5.29e-17 
6.94e-17    1 -5.8e-17 
-5.29e-17 -5.8e-17    1 
This is R: 
 147  124  121 
   0 93.5 38.9 
   0    0 54.7 

Solving QR*x=b correctly should produce two identical vectors (b) here: 
   53.3    53.3 
  95.35   95.35 
  43.16   43.16 
  16.67   16.67 
  68.98   68.98 

This is A*A⁻¹: 
   1 -2.22e-16    0 4.44e-16    0 
-1.11e-16    1 5.55e-17    0 -4.44e-16 
-4.44e-16    0    1    0    0 
3.33e-16 2.22e-16 2.78e-16    1 4.44e-16 
4.37e-16 -2.78e-17 -2.6e-16 -1.25e-16    1 
