0.1 -15.3058 -16.2766 -14.3349 -14.8076 -15.8039 -15.2913 -15.3202 
0.3 -8.02502 -8.53266 -7.51738 -7.52685 -8.5232 -7.98173 -8.06831 
0.5 -4.85329 -5.14555 -4.56104 -4.35512 -5.35147 -4.78115 -4.92544 
0.7 -2.90041 -3.0508 -2.75002 -2.40223 -3.39859 -2.79941 -3.00141 
0.9 -1.54284 -1.58726 -1.49841 -1.04466 -2.04101 -1.41298 -1.6727 
1.1 -0.539298 -0.499112 -0.579485 -0.0411221 -1.03747 -0.380579 -0.698018 
1.3 0.229238 0.339861 0.118615 0.727415 -0.268938 0.416817 0.0416603 
1.5 0.830326 1.00129 0.659366 1.3285 0.33215 1.04676 0.61389 
1.7 1.30602 1.52975 1.08228 1.80419 0.807841 1.55131 1.06072 
1.9 1.68428 1.95491 1.41365 2.18245 1.1861 1.95843 1.41012 
2.1 1.98464 2.29747 1.67181 2.48282 1.48647 2.28765 1.68163 
2.3 2.22132 2.5725 1.87013 2.71949 1.72314 2.55318 1.88945 
2.5 2.40493 2.79127 2.01858 2.9031 1.90675 2.76565 2.0442 
2.7 2.54365 2.96245 2.12486 3.04183 2.04548 2.93324 2.15407 
2.9 2.64392 3.09284 2.19499 3.14209 2.14574 3.06236 2.22547 
3.1 2.71085 3.18789 2.23381 3.20903 2.21267 3.15815 2.26355 
3.3 2.74863 3.25203 2.24522 3.2468 2.25045 3.22479 2.27247 
3.5 2.76068 3.28889 2.23247 3.25886 2.2625 3.2657 2.25566 
3.7 2.74987 3.30151 2.19822 3.24804 2.25169 3.28374 2.21599 
3.9 2.7186 3.29244 2.14476 3.21678 2.22042 3.28133 2.15587 
4.1 2.66892 3.26385 2.074 3.1671 2.17075 3.26052 2.07733 
4.3 2.60259 3.2176 1.98758 3.10077 2.10442 3.22304 1.98214 
4.5 2.52112 3.1553 1.88695 3.0193 2.02295 3.17043 1.87181 
4.7 2.42583 3.07834 1.77332 2.92401 1.92765 3.104 1.74766 
4.9 2.31787 2.98795 1.64778 2.81604 1.81969 3.02489 1.61084 
5.1 2.19825 2.8852 1.5113 2.69643 1.70007 2.93413 1.46237 
5.3 2.06787 2.77104 1.3647 2.56605 1.5697 2.83261 1.30313 
5.5 1.92753 2.64632 1.20874 2.42571 1.42936 2.72113 1.13393 
5.7 1.77794 2.51179 1.0441 2.27612 1.27977 2.6004 0.955486 
5.9 1.61974 2.36813 0.871354 2.11792 1.12157 2.47106 0.768427 
6.1 1.4535 2.21595 0.691059 1.95168 0.955328 2.33368 0.57333 
6.3 1.27975 2.05579 0.503699 1.77792 0.78157 2.18878 0.370714 
6.5 1.09894 1.88817 0.309716 1.59712 0.600764 2.03683 0.16105 
6.7 0.911513 1.71352 0.10951 1.40969 0.413336 1.87826 -0.0552359 
6.9 0.717853 1.53226 -0.0965514 1.21603 0.219677 1.71346 -0.277754 
7.1 0.518318 1.34477 -0.308134 1.01649 0.0201414 1.54278 -0.506147 
7.3 0.313233 1.1514 -0.524932 0.81141 -0.184943 1.36656 -0.74009 
7.5 0.102899 0.952461 -0.746662 0.601076 -0.395277 1.18508 -0.979282 
7.7 -0.112408 0.74825 -0.973066 0.385769 -0.610584 0.998632 -1.22345 
7.9 -0.332432 0.539038 -1.2039 0.165744 -0.830609 0.807466 -1.47233 
8.1 -0.556939 0.325073 -1.43895 -0.0587623 -1.05512 0.611817 -1.72569 
8.3 -0.785709 0.106587 -1.678 -0.287532 -1.28388 0.411906 -1.98332 
8.5 -1.01854 -0.116203 -1.92087 -0.520362 -1.51671 0.207934 -2.24501 
8.7 -1.25524 -0.343099 -2.16738 -0.757063 -1.75342 9.06562e-05 -2.51057 
8.9 -1.49564 -0.573912 -2.41736 -0.99746 -1.99381 -0.211448 -2.77983 
9.1 -1.73956 -0.80847 -2.67066 -1.24139 -2.23774 -0.426517 -3.05261 
9.3 -1.98687 -1.04661 -2.92713 -1.48869 -2.48505 -0.644965 -3.32877 
9.5 -2.23741 -1.28818 -3.18664 -1.73923 -2.73559 -0.866646 -3.60817 
9.7 -2.49105 -1.53303 -3.44906 -1.99287 -2.98922 -1.09143 -3.89067 
9.9 -2.74766 -1.78104 -3.71428 -2.24948 -3.24583 -1.31918 -4.17614 
