1 1
1.05901 1.0193
1.11674 1.03749
1.17626 1.05561
1.23876 1.07398
1.30478 1.09273
1.37471 1.11191
1.44886 1.13156
1.52753 1.15168
1.61104 1.17229
1.69973 1.19342
1.79396 1.21508
1.89412 1.23728
2.00063 1.26005
2.11395 1.28341
2.23457 1.30737
2.36302 1.33195
2.49988 1.35719
2.64576 1.38309
2.80134 1.40969
2.96736 1.437
3.14459 1.46506
3.33391 1.49389
3.53624 1.52352
3.75259 1.55398
3.98408 1.58529
4.2319 1.6175
4.49735 1.65064
4.78186 1.68474
5.08699 1.71984
5.41443 1.75597
5.76603 1.79319
6.14382 1.83153
6.55002 1.87103
6.98705 1.91175
7.45759 1.95374
7.96455 1.99704
8.51114 2.04172
9.1009 2.08783
9.73771 2.13543
10 2.15444
